template_month_vo2_block <- structure(list(calendarId = c(1, 1, 1, 1, 1, 1, 1, 1, 1, 1, 1, 
                                                      1, 1, 1, 1, 1, 1, 1, 1, 1), title = c("5_6min_HIT", "3_7_30_15_HIT", 
                                                                                            "5_5min_HIT", "6_5min_HITneu", "3_9_30_15_HIT", "1h_LIT", "5_6min_HIT", 
                                                                                            "2h_LIT", "2h_LIT", "2h_LIT", "1h_LIT", "6_5min_HITneu", "2h_LIT", 
                                                                                            "2h_LIT", "2h_LIT", "1h_LIT", "4_8min_HIT", "2h_LIT", "6*30 SIT", 
                                                                                            "2h_LIT"), body = c("", "", "", "", "", "", "", "", "", "", "", 
                                                                                                                "", "", "", "", "", "", "", "", ""), recurrenceRule = c("", "", 
                                                                                                                                                                        "", "", "", "", "", "", "", "", "", "", "", "", "", "", "", "", 
                                                                                                                                                                        "", ""), start = c("2022-01-02", "2022-01-03", "2022-01-04", 
                                                                                                                                                                                           "2022-01-06", "2022-01-07", "2022-01-09", "2022-01-10", "2022-01-11", 
                                                                                                                                                                                           "2022-01-13", "2022-01-14", "2022-01-16", "2022-01-17", "2022-01-18", 
                                                                                                                                                                                           "2022-01-20", "2022-01-21", "2022-01-23", "2022-01-24", "2022-01-25", 
                                                                                                                                                                                           "2022-01-27", "2022-01-28"), end = c("2022-01-02", "2022-01-03", 
                                                                                                                                                                                                                                "2022-01-04", "2022-01-06", "2022-01-07", "2022-01-09", "2022-01-10", 
                                                                                                                                                                                                                                "2022-01-11", "2022-01-13", "2022-01-14", "2022-01-16", "2022-01-17", 
                                                                                                                                                                                                                                "2022-01-18", "2022-01-20", "2022-01-21", "2022-01-23", "2022-01-24", 
                                                                                                                                                                                                                                "2022-01-25", "2022-01-27", "2022-01-28"), category = c("time", 
                                                                                                                                                                                                                                                                                        "time", "time", "time", "time", "time", "time", "time", "time", 
                                                                                                                                                                                                                                                                                        "time", "time", "time", "time", "time", "time", "time", "time", 
                                                                                                                                                                                                                                                                                        "time", "time", "time"), location = c(NA, NA, NA, NA, NA, NA, 
                                                                                                                                                                                                                                                                                                                              NA, NA, NA, NA, NA, NA, NA, NA, NA, NA, NA, NA, NA, NA), bgColor = c(NA, 
                                                                                                                                                                                                                                                                                                                                                                                                   NA, NA, NA, NA, NA, NA, NA, NA, NA, NA, NA, NA, NA, NA, NA, NA, 
                                                                                                                                                                                                                                                                                                                                                                                                   NA, NA, NA), color = c(NA, NA, NA, NA, NA, NA, NA, NA, NA, NA, 
                                                                                                                                                                                                                                                                                                                                                                                                                          NA, NA, NA, NA, NA, NA, NA, NA, NA, NA), borderColor = c(NA, 
                                                                                                                                                                                                                                                                                                                                                                                                                                                                                   NA, NA, NA, NA, NA, NA, NA, NA, NA, NA, NA, NA, NA, NA, NA, NA, 
                                                                                                                                                                                                                                                                                                                                                                                                                                                                                   NA, NA, NA),